.Random.seed <-
c(10403L, 10L, 1608088512L, -400894077L, -1942473311L, -261932656L, 
-719502738L, -990424039L, -956757845L, -61391718L, -614073252L, 
534440287L, -394618059L, 1638186700L, -1301304286L, 1058729597L, 
1370002295L, 242248862L, 2120014680L, -536600901L, 1266647129L, 
-181107736L, -1826339306L, 1565190545L, -354071997L, -940193454L, 
353992164L, 600007719L, -193621891L, -1582236300L, -1898155686L, 
-336611419L, -1242179649L, 1827023942L, -206767408L, -2088041229L, 
655073809L, 2127844416L, 498161694L, -1223268631L, 601502747L, 
-1281434582L, 1400930124L, -104569585L, 1974724677L, -369929732L, 
1477820498L, 1368320461L, 1010875271L, -306794898L, 2066751048L, 
347469899L, 330043817L, -612373256L, -880134106L, -1723848383L, 
-1362139437L, -1750724990L, -195709772L, 629500983L, 25923373L, 
-925103036L, -1303522966L, 1043566037L, -415470737L, 589779574L, 
-121567840L, 360026723L, 1642664705L, -1460368784L, 154363406L, 
273018489L, 1430370827L, 67334970L, -1345451460L, -499234433L, 
69141205L, -769781012L, 374490178L, 1304624029L, 726864407L, 
1466427262L, -346258120L, -1412558309L, -2126095495L, -1839104568L, 
1619362294L, 741217329L, -654268829L, -1018455502L, -141703292L, 
271087047L, 1117707421L, 1454218260L, -45335878L, -2021745915L, 
-1700298529L, -313124506L, -1557476112L, 1719302163L, -1984221775L, 
-2033506208L, -932993538L, -443739767L, 1815742139L, -1565408630L, 
1315986796L, 625617647L, 1754993957L, -1348492324L, 2094895538L, 
1306333357L, 1702469735L, 1039386510L, 1946038376L, -1529209749L, 
1552877065L, 960653464L, -1393077306L, -1189320927L, -917535821L, 
-246387934L, -1620189932L, 1113181591L, -890440307L, -1494346588L, 
775534218L, 1864051957L, -2034355377L, 997174358L, -1057509632L, 
-274683325L, -2137124383L, 1886811472L, 562949038L, -940111527L, 
-586254485L, -833173798L, -1756575844L, -1905370209L, -1812282891L, 
-1379109748L, -1272439454L, -332803779L, -1377912393L, -325763490L, 
-2058954856L, -1572284677L, -217571687L, 1594165032L, 1472544214L, 
312173137L, -1829783293L, -2083998574L, -876312028L, 943871207L, 
152537405L, 1000594868L, 1544561178L, -703141531L, -153167873L, 
-1667264890L, 1493669392L, 1674267827L, 1710868305L, -447337728L, 
1340101086L, 1591441961L, -1182942757L, -1681021206L, 1862583436L, 
-248722481L, -1373305979L, -823701444L, 206676242L, -712350195L, 
1404695879L, -56975570L, -1150487928L, -1598516341L, -2065267863L, 
61275448L, -187461658L, -1596307583L, 1683840787L, 1240721602L, 
472236916L, -615444617L, -1005160339L, -179874044L, 202090026L, 
-157054059L, -1559056337L, 506644790L, 1108339040L, 656615331L, 
-2077216575L, 369230000L, 1244254158L, -167787719L, 687475531L, 
251486458L, 930830844L, 1280195135L, 942378773L, 1181965356L, 
2098545922L, 1103588829L, 619441367L, 38631358L, 1575739896L, 
183096795L, -746619847L, -457159288L, 1392675126L, -236792975L, 
511725987L, -2127229710L, -1994928060L, 982565639L, 439751389L, 
-320373804L, -2031404294L, -1915232699L, 1685505695L, 1374854182L, 
406501552L, -595787437L, 812088433L, 768035964L, 332483280L, 
-1592776286L, 669391912L, -129816820L, 417385916L, -1636767950L, 
1919364800L, -1069182924L, -1942860088L, -2053945158L, -1893227888L, 
-1921974548L, -1878681004L, 458698386L, -1641255648L, 1231660492L, 
316362464L, 2041939138L, 513850408L, -1696140372L, -308433220L, 
-1257891854L, 1819834928L, 1818977188L, -790581832L, -951234726L, 
2143215760L, -1430499460L, 1891153172L, -1058395838L, -597584640L, 
-418643524L, 932865360L, 432484642L, -408776120L, 1435812876L, 
620900956L, 570222034L, 1762680320L, 92453204L, 1788021992L, 
1941092602L, 1075690192L, 1862516524L, -931322636L, 1894759826L, 
624292192L, 591278092L, -465188640L, 1767200354L, 679055528L, 
-1320771508L, 1370879868L, -608522958L, 1478561392L, -1183164604L, 
-581866536L, 196552570L, 2124579888L, -914733124L, -231105964L, 
-71157694L, -1893661024L, -1706323268L, -977383472L, 1250996578L, 
301279976L, 611208396L, -1329313284L, 1964012018L, -1981859712L, 
-713490956L, 2111269512L, 1314613050L, 485974352L, 1280000108L, 
-72948332L, 116159570L, -824954400L, -1411436340L, 2104277664L, 
-2020509310L, 1096879336L, 475615980L, -209585860L, -392366990L, 
1714077296L, -1506261468L, -1364383688L, 206361882L, -577679152L, 
-952337092L, 426196884L, -1046200446L, 642408384L, -487733700L, 
-1378956912L, -1002413022L, 1632303368L, -1479363444L, 2090492700L, 
346871954L, 603556224L, 987323412L, -39592152L, 1583613498L, 
667873744L, 1687122284L, -2072840268L, 138771986L, -880516128L, 
578561484L, 1211761888L, 950046754L, -626215128L, -1587005940L, 
1183650620L, -173181966L, 276196080L, -771544508L, -2132122024L, 
-626395334L, 1962660848L, 1930421948L, -1059756780L, -142446398L, 
-1571136416L, -1900676740L, 693606352L, -410805982L, -1306153304L, 
373341068L, 845372604L, -879984846L, 2142782016L, -1308089164L, 
767296584L, -1115186758L, 82738704L, -1009252116L, 1690704212L, 
-1108486382L, 1911518624L, -1531733300L, 1223710304L, -171524158L, 
-720477400L, 1459973548L, -452759236L, -684056718L, 825950512L, 
-150155484L, -39148232L, 1257642714L, -2035923056L, 1755681532L, 
1870532500L, -781383614L, 146078976L, 15723580L, -1119228592L, 
945133730L, 528856904L, 1270724364L, -311473444L, -1293749422L, 
1831187072L, 217208916L, 1198451688L, -684837126L, 585083216L, 
424477484L, 854312820L, 1914102674L, 295777888L, -2052739188L, 
1682740064L, -1939421214L, -1944928344L, -885515060L, 9768444L, 
1700604850L, -686700048L, 1309190596L, 1159782744L, -2132425350L, 
948990384L, 1678888892L, 833753172L, -1352391742L, -1822555104L, 
1856675004L, -478406064L, -96206878L, -1133635992L, 1613175372L, 
684581116L, 125874162L, -205939456L, 156333940L, -806707192L, 
1021257146L, -1875018288L, 521257964L, -408420460L, 1448098770L, 
-635521184L, 922854732L, -735359712L, -1167129726L, 94714600L, 
433038572L, 395422268L, 1986988914L, 304409200L, -14829532L, 
-711325896L, 1324444826L, 1990161104L, -226803524L, 2096240276L, 
1474733698L, -1218356032L, 476049724L, 907128976L, 207137314L, 
-1482937388L, 1079858914L, 1489733495L, 944114369L, 1779350086L, 
799757700L, 822340405L, 1424136479L, 1107603576L, -354316970L, 
1086018531L, -717091419L, 687845442L, -817783248L, -2142566823L, 
-1872281653L, -2012004292L, 1707765354L, -1219156833L, 1619977513L, 
1028460990L, -1420390228L, 754525693L, 1993387335L, -1224784336L, 
-39628978L, 178045819L, 145990877L, 902849802L, 1705721896L, 
4846737L, -205660029L, 1157656964L, 1981538226L, -2037538553L, 
-667339951L, -1149553962L, 767880116L, -1027533883L, 1897530127L, 
-1197522552L, 1797608614L, -1821072301L, 1973757365L, -1302344942L, 
-2101364512L, -1304490679L, 1724469115L, -1089463732L, -1809407014L, 
-2028656177L, 1865482137L, 401250222L, 158211260L, 2087097645L, 
1002620631L, 2001588000L, -1506686850L, -1964511669L, 1213973581L, 
1042877050L, -89857352L, 1021532257L, -1758156269L, 210780212L, 
-819593662L, -1948542377L, 1762421153L, -1238865306L, -1832666524L, 
-146011755L, -1341021505L, 787872344L, 1527721590L, -855772541L, 
2067252933L, -1877068830L, -369824176L, -34301063L, -182128469L, 
1211176988L, 1159509834L, 1858326335L, 1370329481L, -261549666L, 
-987133876L, 897696285L, 1173286823L, 1359250128L, -1329621906L, 
-1851569381L, -2064579459L, 1428773482L, 663415560L, 343385009L, 
1073554467L, 1593756964L, -163001902L, 1172003367L, 437126257L, 
1246567094L, 1424000596L, -1057871131L, 1911023343L, -1633209816L, 
-1647946106L, -1516789581L, 2118596117L, -944162702L, -1800624960L, 
-822838999L, -2039005285L, -545597332L, 1859718266L, -763390545L, 
-1209051975L, 1830559438L, 638704668L, 261341069L, 601889271L, 
760474880L, -1435743394L, 1231035435L, 2125812525L, -1807597670L, 
-1926992552L, 1093746881L, -573063309L, 1803846804L, 532361506L, 
409391159L, -835755775L, -7023610L, 99152452L, 1395751797L, 855482079L, 
583281208L, 590750230L, 712922659L, 2129756645L, 826593282L, 
865430128L, 959799321L, 104856075L, 625119484L, 563612970L, 2092159839L, 
